0.928049621 0 0.095352241 0.279411765 0.460650577 0.860691671 0 -0.551449998
0.917229497 0 0.153505845 0.367647059 0.460650577 0.989771067 0.319777937 -0.361727836
0.59076499 0 0.177704723 0 0.252885624 0.96687774 0 0.32330639
0.892143349 0.333333333 0.117805087 0.161764706 0.37775446 0.498295178 0.587836684 -1.639486489
0.989248794 0.333333333 0 0.308823529 0.093389297 0.396005845 0.557008579 -1.103803721
0.874017919 0.666666667 0.065711857 0.323529412 0.043022036 0.372625426 0.498929855 -0.836324116
0.90754652 0 0.042463127 0.294117647 0.119622246 0.682415977 0.577751263 -0.58546073
1 0 0.022972363 0.323529412 0.103882476 0.713589868 0.332990359 0.1123827
0.466471399 0.666666667 0.515737879 1 0.109129066 0.070141257 0 -2.604226053
0.448173673 0 0.530937053 0.955882353 0.104931794 0.246468583 0.343896939 -1.568201724
0.221467953 0 0.325138514 0.397058824 0.894018888 1 0.452342745 -3.299289334
0.221467953 0 0.325138514 0.397058824 0.894018888 1 0.452342745 -3.343802333
0.455858029 0.666666667 0.36280464 0.985294118 0.105981112 0.216268875 0 -2.424881637
0.511474845 0 0.401955902 0.676470588 0 0.311738919 0.478477379 -3.030194785
0.32946244 0 0.790129964 0.897058824 0.104931794 0.150998539 0.362967624 -1.716003344
0.267022743 0.333333333 0.72580298 0.705882353 0.22980063 0.286897224 0.568045753 -2.556302501
0.272536182 0.333333333 0.756250321 0.852941176 0.075550892 0.307842182 0.604590314 -2.747411808
0.345933839 0 0.752069157 0.544117647 0.104931794 0.040428641 0.465392913 -2.247973266
0.682012405 0 0.436279675 0.911764706 0.104931794 0.095470044 0.376505212 -2.285557309
0.566299104 0 0.523522596 0.852941176 0.104931794 0.015099854 0.327543665 -1.633468456
0.446037216 0.333333333 0.603528681 0.676470588 0.272822665 0.401363858 0.575810161 -2.139879086
0.465609924 0 0.598568924 0.676470588 0.193074502 0.476863127 0.444046067 -1.113943352
0.53628532 0 0.619745654 0.661764706 0.104931794 0.086215295 0.33602766 -0.819543936
0.294004135 0.333333333 0.719499304 0.882352941 0.037775446 0.079883098 0.578251214 -1.612783857
0.591660924 0 0.555539561 0.647058824 0.104931794 0 0.348207861 -1.763427994
0.44110958 0 0.674725122 0.661764706 0.104931794 0.021919143 0.327622813 -1.62324929
0.585561682 0 0.538001878 0.735294118 0.103882476 0.458353629 0.314754684 -1.707570176
0.404238456 0 0.658917848 0.602941176 0.104931794 0.019970774 0.541127554 -1.748188027
0.369434873 0 0.596790431 0.5 0.104931794 0.578178276 0.478104065 -1.851258349
0.456822881 0.333333333 0.57355156 0.558823529 0.101783841 0.098879688 0.517127274 -1.342422681
0.510199862 0 0.560015447 0.544117647 0.104931794 0.264490989 0.363685891 -1.462397998
0.30992419 0 0.749270894 0.661764706 0.195173137 0.466147102 0.464444458 -1.602059991
0.407374225 1 0.693860946 0.720588235 0.288562434 0.576229907 0.618916742 -1.447158031
0.34758787 1 0.714718837 0.632352941 0.200419727 0.157817828 0.537558644 -1.361727836
0.366023432 0 0.743299254 0.544117647 0.210912907 0.20798831 0.318981841 -1.041392685
0.402343212 1 0.68600691 0.529411765 0.103882476 0.248416951 0.518320429 -0.447158031
0.40923501 1 0.663847876 0.529411765 0.105981112 0.16074038 0.506007655 -1.653212514
0.379841489 0 0.693184588 0.5 0.461699895 0.141256698 0.3774042 -2.372912003
0.245003446 0 0.797025814 0.485294118 0.233997901 0.19142718 0 -1.255272505
0.384906961 0 0.766989081 0.5 0.461699895 0.087676571 0.347490253 -2.58546073
0.340902826 0 0.79087731 0.5 0.461699895 0.117389187 0 -3.030194785
0.236836664 0 0.762902415 0.485294118 0.315844701 0.166098393 0.380599136 -2.957607287
0.172915231 0 0.810355788 0.514705882 0.233997901 0.237213833 0.539038709 -1.716003344
0.35341144 0 0.712559162 0.529411765 0.099685205 0.189965904 0.534944125 -2.943494516
0.110716747 0.666666667 0.714045209 0.970588235 0.235047219 0.162688748 0 -1.633468456
0.245416954 0.333333333 0.95509082 0.529411765 0.172088143 0.201169021 0.596918904 -1.491361694
0.161164714 0.333333333 0.795137957 0.514705882 0.232948583 0.22211398 0 -1.380211242
0.200999311 0 0.628924041 0.529411765 0.233997901 0.434486118 0.509895795 -3.029383778
0.318435562 0 0.584258011 0.926470588 0.232948583 0.327325865 0 -3.276921132
0.286181943 0 0.572215074 0.588235294 0.232948583 0.291768144 0.558645621 -2.980457892
0.286181943 0 0.57092652 0.573529412 0.232948583 0.290306868 0.558645621 -2.990782692
0.241660924 0 0.584672259 0.661764706 0.175236097 0.314661471 0.486351935 -2.130333768
0.221054445 0 0.622286054 0.705882353 0.152151102 0.514856308 0 -2.404833717
0.221054445 0 0.624507767 0.705882353 0.152151102 0.511933755 0 -2.810904281
0.144727774 0.333333333 0.92799827 0.529411765 0.232948583 0.300048709 0.615180302 -2.307496038
0.372811854 0 0.632763766 0.647058824 1 0.403312226 0.486273447 -3.256477206
0.134872502 0 0.592547683 0.558823529 0.232948583 0.272284462 0 -2.646403726
0.163783598 0.333333333 0.723790136 0.411764706 0.232948583 0.196785192 0.738856141 -2.380211242
0.187008959 0 0.679488449 0.441176471 0.232948583 0.211397954 0.539195686 -2.788875116
0.205754652 0 0.694278228 0.691176471 0.232948583 0.235752557 0.562740206 -2.773054693
0.315851137 0 0.510545287 0.588235294 0.232948583 0.221139795 0 -2.283301229
0.098208132 0 1 0.647058824 0.084994753 0.209449586 0 -2.440909082
0.23287388 0 0.626989769 0.588235294 0.232948583 0.296151973 0.539328259 -2.748962861
0.208959338 0.333333333 0.77655942 0.588235294 0.232948583 0.169020945 0.687661965 -2.648360011
0.156926258 0.333333333 0.850986726 0.676470588 0.233997901 0.318071115 0.572102082 -1.799340549
0.279910407 0 0.609902587 0.911764706 0.233997901 0.201169021 0 -2.545307116
0.26540317 0 0.754670686 0.470588235 0.233997901 0.238188018 0 -1.579783597
0.168642316 0.333333333 0.820445037 0.485294118 0.310598111 0.201169021 0.63921422 -1.924279286
0.155203308 0.333333333 0.819887448 0.455882353 0.232948583 0.188017535 0.728025412 -2.004321374
0.041488629 0.666666667 0.930835667 0.338235294 0.232948583 0.371651242 0.918697305 -1.86923172
0.14383184 0.666666667 0.791693369 0.264705882 0.231899265 0.281052119 0.859430043 -1.799340549
0.038904204 0.333333333 0.564700051 0.397058824 0.259181532 0.67364832 0.74271592 -2.661812686
0 0.333333333 0.567407152 0.735294118 0.232948583 0.729176814 0.632323076 -3.23146959
0.266815989 0.333333333 0.579219074 0.338235294 0.233997901 0.23867511 0.783756082 -2.354108439
0.059855272 0.333333333 0.587142278 0.25 0.231899265 0.418899172 0.646432508 -2.903632516
0.146175052 0.666666667 0.690058081 0.294117647 0.232948583 0.133950317 0.939620051 -2.496929648
0.112749828 0.333333333 0.688148837 0.426470588 0.233997901 0.202630297 0.787636967 -2.328379603
0.158787043 0.333333333 0.715049811 0.705882353 0.232948583 0.217730151 0.669785094 -1.954242509
0.258924879 0.333333333 0.511371963 0.279411765 0.232948583 0.208962494 1 -2.536558443
0.084631289 0.333333333 0.976451542 0.676470588 0.087093389 0.218217243 0.747580218 -1.963787827
0.155237767 0.333333333 0.647709627 0.411764706 0.309548793 0.332196785 0.796332023 -2.290034611
0.109889731 0.666666667 0.827381387 0.5 0.232948583 0.358986849 0.842708072 -2.149219113
0.140248105 0.666666667 0.847573688 0.661764706 0.232948583 0.311251827 0.801909971 -1.913813852
0.25547898 0.333333333 0.625395269 0.882352941 0.233997901 0.240623478 0.64143168 -2.88536122
0.186698828 0.333333333 0.773211303 0.5 0.310598111 0.221626887 0.655148669 -2.432969291