0.713771958 0.949494949 0.586538462 0.289325843 0.156666667 -1.149219113
0.459726128 0.924242424 0.677884615 0.283707865 0.292666667 -1.074084689
0.482687076 0.934343434 0.692307692 0.275280899 0.703 -0.796574333
0.013578312 0.97979798 0.173076923 0.103932584 0.395333333 -0.176091259
0.704043524 0.949494949 0.5625 0.264044944 0.256 -1.384174139
0.78111024 0.949494949 0.605769231 0.314606742 0.224 -1.539452492
0.777421735 0.949494949 0.610576923 0.306179775 0.26 -1.108565024
0.631126377 0.939393939 0.774038462 0.306179775 0.856666667 -0.643452676
0.64901563 0.934343434 0.75 0.311797753 0.876666667 -1.27392678
0.007377011 0.97979798 0.173076923 0.098314607 0.606333333 0.170696227
0 0.97979798 0.173076923 0.087078652 0.609666667 0.301029996
0.019479921 0.97979798 0.173076923 0.101123596 0.607333333 0.142667504
0.005671078 0.97979798 0.173076923 0.095505618 0.614666667 0.37161107
0.011780165 0.97979798 0.173076923 0.103932584 0.499776667 0.189095719
0.436719074 0.954545455 0.168269231 0 0.317666667 0
0.444441883 0.96969697 0.168269231 0.008426966 0.329666667 -0.089905111
0.01473097 0.97979798 0.173076923 0.101123596 0.392 0.732828272
0.445917285 0.994949495 0.173076923 0.005617978 0.691333333 0.068033885
0.446470561 1 0.173076923 0.005617978 0.691666667 0.254144805
0.530453225 0.737373737 0.644230769 0.634831461 0.389666667 -1.368658712
0.830905067 0.929292929 0.634615385 0.213483146 0.479466667 -1.587149498
0.490870948 0.949494949 0.807692308 0.275280899 0.435 -1.509068045
0.810456914 0.929292929 0.552884615 1 0.503176667 -1.764624398
0.706302734 0.949494949 0.509615385 0.362359551 0.459666667 -1.017867719
0.52976163 0.944444444 0.822115385 0.238764045 0.274666667 -1.684576087
0.703812993 0.949494949 0.528846154 0.379213483 0.496466667 -1.696181587
0.701115773 0.929292929 0.572115385 0.373595506 0.46 -1.229169703
0.694960579 0.934343434 0.581730769 0.365168539 0.497106667 -1.613947477
0.818686892 0.904040404 0.692307692 0.320224719 0.4895 -1.481012421
0.699225414 0 0.514423077 0.351123596 0.463333333 -0.374748346
0.703305823 0.101010101 0.519230769 0.348314607 0.4832 -0.459392488
0.729932224 0.96969697 0.495192308 0.241573034 0.808 -1.037824751
0.728364609 0.964646465 0.514423077 0.224719101 0.814333333 -1.542700969
0.724122827 0.924242424 0.480769231 0.27247191 0.201333333 -0.973589623
0.435935267 0.919191919 0.591346154 0.27247191 0.4674 -1.118595365
0.689704458 0.949494949 0.528846154 0.261235955 0.624333333 -0.869818208
0.390405275 0.888888889 0.591346154 0.188202247 0.443 -0.56937391
0.754022777 0.964646465 0.158653846 0.191011236 0.201333333 -1.580810973
0.752616534 0.96969697 0.495192308 0.297752809 0.757333333 -1.405517107
0.768085204 0.96969697 0.5625 0.292134831 0.368666667 -1.646109522
0.604546083 0.929292929 0.620192308 0.306179775 0.993333333 -0.36361198
0.649730278 0.939393939 0.658653846 0.320224719 0.88 -1.223236273
0.766748121 0.964646465 0.543269231 0.29494382 0.757 -0.779596491
0.603001522 0.954545455 0.677884615 0.314606742 0 -1.673389578
0.621305731 0.934343434 0.634615385 0.325842697 0.853333333 -1.543943942
0.617778597 0.949494949 0.644230769 0.325842697 0.85 -0.812913357
0.777836691 0.97979798 0.740384615 0.269662921 0.866666667 -0.851258349
0.603831435 0.954545455 0.625 0.320224719 0.003333333 -1.0523091
0.631449122 0.939393939 0.673076923 0.320224719 0.86 -1.04060234
0.60094979 0.929292929 0.548076923 0.323033708 1 -0.677606953
0.591728526 0.944444444 0.745192308 0.300561798 0.14 -1.214313897
0.622297017 0.949494949 0.653846154 0.320224719 0.153333333 -0.88536122
0.72552907 0.247474747 0.490384615 0.261235955 0.238333333 -0.669316881
0.486790539 0.277777778 0.600961538 0.084269663 0.549333333 -1.021602716
0.494328922 0.535353535 0.600961538 0.264044944 0.317 -0.881954971
0.585527226 0.661616162 0.615384615 0.303370787 0.99 -0.582063363
0.771381806 0.247474747 0.5 0.264044944 0.787 -0.120573931
0.414334455 0.631313131 0.807692308 0.221910112 0.822666667 0.070581074
0.826133063 0.904040404 0.139423077 0.800561798 0.466666667 -1.530455844
0.806215132 0.939393939 0.860576923 0.269662921 0.495766667 -1.430880946
0.813868781 0.939393939 0.519230769 0.280898876 0.4798 -1.434409208
0.792037438 0.934343434 1 0.280898876 0.502433333 -1.58069694
0.779035456 0.939393939 0.836538462 0.27247191 0.487233333 -1.546789352
0.918668449 0.929292929 0.091346154 0.306179775 0.332333333 -1.062581984
0.824196597 0.898989899 0.052884615 0.856741573 0.493133333 -1.214048679
0.874936604 0.95959596 0.451923077 0.27247191 0.495033333 -1.241048151
0.797962101 0.828282828 0.149038462 0.873595506 0.499033333 -1.401917251
0.79627922 0.702020202 0.149038462 0.873595506 0.503533333 -1.283753383
0.795172668 0.696969697 0.149038462 0.873595506 0.457333333 -1.379849179
1 0.984848485 0 0.258426966 0.485733333 -0.96425963